Lab9/ThaiDEM300_0000480000_0011760000.asc
ncols 800
nrows 800
xllcenter 480150.000000
yllcenter 1760150.000000
cellsize 300.000000
nodata_value -9999
[rows 225 to 269 of 800, columns 0 to 95 of 800]
265 257 252 253 252 251 247 251 248 249 248 251 245 287 338 375 473 591 722 783 732 676 619 617 669 660 627 564 396 408 464 521 499 465 509 524 552 524 610 667 715 764 732 699 679 596 551 548 576 592 629 643 594 515 477 483 449 463 458 507 577 562 634 564 574 636 635 632 608 618 648 630 529 462 457 490 572 687 676 535 457 517 566 485 427 354 322 301 266 216 208 202 196 209 216 185
263 254 251 253 250 248 250 249 249 251 249 250 247 272 328 401 544 704 825 836 778 731 640 585 584 613 622 477 351 429 470 444 429 395 450 482 467 489 600 650 709 753 713 717 710 626 566 583 682 660 585 538 558 535 510 523 496 407 364 407 446 469 558 474 532 556 504 540 598 649 701 637 551 547 528 517 642 705 674 565 452 446 502 492 476 386 303 290 249 216 208 204 203 213 204 183
253 254 251 250 250 251 251 252 249 251 250 250 256 253 316 411 501 681 841 856 771 703 623 573 504 453 512 427 335 462 456 406 383 369 393 400 418 517 634 649 662 679 681 738 708 645 608 593 683 643 559 480 460 513 456 458 434 389 323 336 368 415 457 399 516 490 419 437 487 573 654 705 642 666 608 560 682 726 670 617 457 395 442 429 396 332 275 305 273 216 208 246 232 221 200 182
264 247 251 249 249 249 252 255 254 250 249 250 254 263 277 364 420 555 780 842 762 737 652 591 521 416 396 418 308 364 425 374 357 344 368 435 471 528 637 659 577 612 656 685 652 586 574 569 594 540 568 490 425 429 402 438 383 383 313 311 331 394 409 377 485 437 380 396 446 491 608 742 735 745 650 590 674 669 604 608 470 387 411 464 380 322 347 359 289 212 204 216 215 231 195 181
307 262 246 258 251 247 253 263 256 251 240 253 253 258 263 319 366 499 702 711 657 672 616 605 575 426 295 297 340 370 342 378 431 397 459 524 453 476 577 578 533 538 582 621 595 530 499 493 488 463 447 445 421 391 372 380 359 340 339 292 296 323 331 373 447 407 356 385 466 534 620 738 774 699 649 648 662 567 517 602 493 399 368 467 443 409 386 302 254 205 199 199 193 200 187 180
337 295 260 251 306 345 308 362 373 337 268 252 252 252 253 257 302 411 551 598 516 529 567 515 462 340 312 382 427 500 457 427 395 352 404 400 370 423 479 514 524 508 517 548 575 517 477 447 428 432 409 407 449 434 399 408 392 364 383 301 277 289 304 326 392 351 326 378 464 493 557 701 728 641 576 611 644 537 460 499 455 408 343 406 448 413 359 281 219 203 196 193 200 217 188 182
376 336 283 289 367 467 404 493 526 445 329 308 316 275 266 262 255 337 422 513 432 448 477 452 363 294 362 507 506 568 544 432 337 317 338 354 368 410 463 494 502 498 506 544 591 520 466 426 417 412 404 408 471 460 465 434 406 379 381 316 285 274 288 296 323 315 310 359 403 456 562 629 675 591 549 564 607 543 470 403 376 370 337 334 392 373 383 316 241 206 198 193 200 215 188 179
436 360 305 338 421 559 533 614 650 575 520 538 497 330 260 249 254 269 292 345 310 298 305 331 272 314 438 568 526 468 436 375 321 340 391 432 438 436 460 471 486 511 530 558 608 551 521 475 432 415 416 405 400 444 524 479 433 418 395 354 301 268 269 271 280 293 317 348 400 450 472 493 634 552 458 512 530 445 409 424 423 372 355 312 304 311 344 378 321 230 199 191 189 211 193 182
551 389 329 361 500 645 697 737 792 782 724 680 548 391 377 318 271 263 248 270 259 292 251 270 323 403 385 436 361 320 318 308 377 385 431 488 515 474 471 473 507 543 550 532 558 478 520 527 446 424 432 424 393 376 451 513 429 400 392 356 316 270 257 257 266 280 288 314 336 381 397 459 590 506 403 405 405 387 326 364 423 439 372 323 287 284 305 327 386 275 211 194 184 186 187 175
566 426 358 413 488 636 803 799 754 714 635 531 463 431 371 305 265 255 257 281 371 286 277 285 374 317 269 290 313 387 394 361 353 377 439 522 527 457 452 474 513 530 497 483 463 402 433 434 420 466 446 442 409 381 367 451 468 401 359 334 320 286 258 251 265 270 275 278 297 332 365 422 502 511 425 369 357 325 305 340 385 422 334 302 280 276 282 346 406 293 229 194 184 188 182 177
579 574 443 382 446 565 761 826 753 675 587 511 456 473 522 414 321 278 250 286 442 355 262 250 275 288 388 425 492 537 561 471 346 373 441 513 473 432 453 473 503 468 431 446 405 362 355 356 407 505 465 440 438 409 316 337 434 456 363 335 340 320 269 248 261 253 253 260 263 299 310 352 429 494 479 410 367 350 311 289 329 327 306 296 272 269 276 337 353 331 270 203 201 196 189 181
776 693 515 415 437 540 695 810 771 713 672 632 489 627 657 484 371 320 265 332 493 471 309 279 284 299 398 455 470 495 508 531 396 357 397 418 426 449 458 484 484 412 409 415 364 343 340 356 426 526 523 477 424 370 292 280 339 462 414 320 302 307 286 253 241 239 242 248 247 256 278 289 352 389 472 480 433 402 317 275 290 288 279 275 265 261 281 300 273 257 239 203 214 210 201 195
751 591 490 480 469 518 614 728 801 744 681 576 561 682 650 520 473 362 295 388 530 479 326 261 300 254 278 299 312 339 406 512 429 370 380 422 472 491 468 486 468 395 380 379 340 332 342 369 464 561 577 503 403 347 319 263 283 373 429 336 288 286 272 258 243 235 236 241 244 249 264 272 281 330 385 437 385 298 265 268 271 300 272 267 257 256 258 255 245 228 210 211 220 215 210 203
713 662 591 574 586 557 615 710 801 728 651 615 637 682 640 673 610 522 396 383 520 459 439 386 346 281 263 272 260 271 361 496 474 442 452 522 603 571 482 454 442 375 358 372 333 343 345 397 490 568 584 501 415 376 341 263 252 275 315 296 262 269 269 263 243 233 229 230 237 245 252 257 261 268 316 370 345 258 248 254 260 294 290 317 272 249 249 250 240 228 217 221 220 215 210 203
937 839 792 728 716 671 712 749 827 775 725 699 733 740 706 790 755 632 481 429 516 507 583 582 490 340 331 397 313 255 338 479 517 546 552 552 617 615 484 440 408 355 342 336 344 387 357 406 465 559 588 495 459 341 296 265 251 242 244 249 258 243 247 265 251 230 228 222 230 238 242 243 242 256 257 309 314 243 239 248 255 278 271 303 262 243 242 244 242 233 228 224 220 216 208 203
991 936 911 878 785 719 797 847 878 828 769 773 806 772 779 851 789 687 555 538 622 588 588 687 582 446 442 444 307 267 362 512 470 551 574 502 572 595 477 441 386 337 326 324 364 406 379 399 455 552 557 512 473 374 297 277 258 240 235 237 249 244 239 256 258 229 222 222 224 226 234 231 233 239 239 269 319 251 234 238 240 242 257 306 266 256 235 238 238 234 227 222 217 214 209 202
1007 976 965 935 857 766 780 870 879 846 829 834 834 821 823 873 838 727 625 672 732 691 585 714 698 610 546 353 285 271 359 432 449 516 522 436 492 555 435 387 361 320 318 352 377 400 390 386 434 519 536 528 467 413 367 306 262 244 231 230 236 240 230 235 232 220 220 220 217 224 218 224 221 222 224 245 298 276 230 229 231 233 225 254 264 243 232 236 233 229 226 222 218 214 211 206
1029 999 969 946 909 843 845 862 845 821 814 799 843 840 818 853 887 821 750 689 763 684 534 640 744 656 510 322 255 296 394 480 431 442 450 363 437 518 413 355 321 313 319 345 374 378 391 391 410 464 544 515 449 467 436 354 261 247 232 226 225 229 233 239 223 218 227 214 212 211 210 214 218 216 217 221 266 249 227 223 226 221 218 224 225 226 229 232 229 226 224 219 216 214 210 207
1030 1010 968 944 916 901 888 853 809 772 695 708 793 806 795 810 873 811 703 614 647 672 512 566 656 578 433 340 270 354 497 471 414 390 403 331 405 489 391 336 310 315 324 343 356 365 385 393 386 424 523 510 456 483 452 365 261 249 237 225 223 225 227 234 223 221 236 214 214 207 207 210 216 211 212 211 226 247 226 219 223 214 228 220 218 224 228 229 227 223 224 218 212 214 211 207
993 978 944 920 900 888 880 846 772 665 591 605 678 688 661 666 757 769 676 581 538 577 493 499 616 506 355 317 265 321 427 391 322 331 310 303 362 396 331 308 318 319 335 341 353 362 388 404 358 378 464 432 450 490 444 368 266 240 232 231 248 235 226 226 225 210 216 209 213 208 203 211 210 204 206 201 204 213 225 215 211 208 211 211 215 220 221 224 222 216 214 216 214 211 209 206
865 902 855 890 835 812 847 849 766 628 517 499 497 505 521 547 601 633 662 619 540 491 450 456 533 540 342 266 282 289 287 267 272 293 284 277 293 301 315 337 348 340 340 351 357 370 386 402 352 342 366 344 386 424 429 373 265 235 226 256 299 247 237 245 251 214 210 208 216 205 200 213 211 200 202 195 204 209 213 213 207 202 202 207 213 216 214 217 215 213 204 210 210 207 207 207
745 743 702 798 680 692 785 837 801 625 470 422 402 425 461 470 484 561 550 578 615 494 412 406 487 573 406 287 274 329 365 304 350 410 367 324 307 311 385 413 402 372 360 363 367 375 387 414 351 326 310 328 350 366 384 357 250 233 235 280 345 271 241 253 267 221 211 205 204 199 198 207 219 204 205 194 199 206 206 213 218 201 201 213 210 212 211 211 214 207 198 201 205 204 207 204
667 670 564 594 560 593 682 800 809 721 519 422 369 372 412 406 388 427 398 477 627 516 392 357 427 579 518 396 297 282 272 284 310 454 466 388 367 349 441 534 515 467 417 396 382 377 393 415 355 327 306 312 328 342 340 294 249 241 272 308 381 307 245 264 259 226 218 204 200 198 195 200 201 200 197 188 198 197 207 208 214 198 197 207 205 206 207 209 209 207 203 194 195 197 199 198
581 650 513 480 482 557 646 789 795 760 519 423 365 337 337 357 336 318 335 388 508 470 370 325 362 554 644 537 469 377 287 283 288 435 541 461 372 378 445 534 602 575 497 452 426 399 407 413 368 355 329 300 307 323 298 249 243 245 324 350 410 354 263 262 277 237 238 209 201 199 198 194 189 190 188 187 184 188 194 195 202 196 192 199 200 202 201 201 206 200 199 190 185 191 193 195
532 579 487 432 443 483 565 722 791 761 515 441 378 328 307 306 305 290 301 317 370 388 330 300 310 471 657 627 486 312 259 286 275 365 532 529 431 402 475 533 629 654 557 521 485 442 436 431 356 350 320 285 285 310 264 248 247 245 322 373 413 371 273 253 266 232 232 213 205 200 198 194 188 193 192 190 186 183 187 192 196 193 189 195 198 199 195 198 205 197 194 195 186 183 191 195
460 486 425 399 413 445 495 626 776 777 666 514 426 361 313 292 283 276 275 274 281 289 281 277 280 419 617 656 496 355 275 368 366 396 492 535 463 436 502 561 642 686 639 624 559 506 488 423 390 317 290 274 273 261 252 247 253 275 354 392 378 332 291 250 246 234 229 218 204 201 196 192 192 207 209 220 204 181 181 184 189 186 186 194 191 195 192 199 202 200 191 186 183 180 186 194
403 437 391 377 393 417 466 595 744 780 755 618 487 381 337 300 269 256 254 248 247 247 250 254 256 345 518 620 480 294 271 365 398 456 514 520 468 460 517 575 618 556 569 633 634 596 538 448 437 340 287 277 269 260 257 257 270 323 433 409 382 322 287 252 254 256 244 230 212 207 200 196 201 222 219 208 203 187 173 177 182 181 186 190 186 190 189 193 195 198 195 191 181 176 183 189
403 434 372 365 374 395 433 517 593 646 646 614 519 436 375 317 270 245 243 241 247 248 246 257 245 297 458 614 622 416 250 311 388 432 529 553 526 444 471 523 492 484 525 610 657 663 582 547 454 337 301 289 277 276 268 281 316 360 463 450 408 365 321 261 243 251 235 247 232 203 199 199 197 229 232 216 210 187 175 174 179 178 184 182 184 187 183 188 189 188 187 193 190 180 175 184
395 430 370 351 357 372 395 443 474 500 482 469 443 371 336 305 286 251 236 243 245 247 249 254 262 271 414 578 606 479 373 285 347 386 483 529 463 371 369 430 451 488 545 610 669 679 646 562 441 340 328 317 311 320 315 352 401 469 511 510 451 382 364 294 249 257 267 260 229 210 203 208 202 206 234 235 204 193 177 171 171 176 179 176 183 182 179 183 183 181 177 184 183 184 174 180
355 367 350 339 342 357 374 411 432 443 431 369 353 323 291 261 250 252 245 245 246 248 252 251 256 256 367 503 585 475 411 267 343 409 392 427 374 330 346 403 500 616 663 647 662 689 645 537 431 379 385 381 377 374 356 403 487 568 529 537 452 380 353 320 245 252 270 246 221 213 206 206 201 204 233 213 197 182 188 176 168 172 174 173 175 174 174 178 179 176 173 176 174 174 172 179
324 348 342 330 331 344 361 388 409 419 411 345 321 299 276 252 246 247 244 246 244 246 251 254 251 252 321 429 557 496 420 264 314 282 317 399 340 273 344 404 500 635 745 694 655 688 656 528 468 457 464 441 437 418 374 431 537 607 513 477 425 365 303 308 252 227 239 244 221 218 207 200 199 200 229 222 201 194 190 178 168 168 171 169 169 171 170 173 176 174 171 170 166 167 173 179
311 317 332 321 320 331 343 364 385 398 392 365 306 282 261 248 249 247 249 247 248 247 253 253 252 246 276 374 529 532 377 250 289 258 259 298 272 257 308 399 490 601 725 715 664 682 688 611 568 558 563 514 488 457 389 435 556 620 534 451 407 363 312 265 258 227 227 236 249 257 224 204 197 199 208 229 212 195 190 177 169 166 168 167 165 166 168 166 172 172 169 169 164 168 171 179
299 298 319 318 311 321 332 349 365 377 374 381 309 270 250 248 248 247 250 251 249 253 250 251 255 265 262 279 388 476 342 253 262 263 262 268 236 265 320 379 480 578 711 767 684 674 721 768 733 708 722 645 564 485 438 452 582 634 585 502 429 389 340 283 241 225 228 223 265 292 251 212 198 193 191 201 219 194 185 178 172 167 164 161 159 161 165 164 168 170 164 165 163 165 176 182
286 289 292 299 302 314 323 336 351 358 360 370 316 254 247 248 249 248 248 254 257 251 250 254 256 262 269 291 270 316 259 267 262 248 274 263 270 302 350 397 481 582 675 737 688 705 730 785 712 746 815 782 640 543 493 480 591 644 612 526 455 406 333 284 249 219 219 215 237 272 263 217 196 193 188 187 194 196 194 185 175 169 164 162 160 158 158 161 160 164 164 163 158 167 175 173
283 281 287 289 294 304 313 325 337 340 341 345 324 260 253 250 249 248 251 255 254 254 253 254 257 266 261 280 281 250 261 295 342 306 263 280 290 347 327 364 446 533 583 695 718 710 682 668 642 709 777 814 750 639 563 558 647 701 667 575 504 396 333 284 265 230 217 210 205 215 240 219 191 187 185 185 188 202 193 189 178 173 168 165 161 157 156 154 156 158 160 159 156 161 170 165
271 271 277 278 295 337 301 306 314 321 325 322 322 267 245 257 251 252 258 253 256 253 253 254 254 263 295 401 399 348 340 357 474 442 332 274 264 291 309 360 453 531 596 682 711 673 603 558 610 691 750 799 826 789 706 652 687 683 652 569 519 415 334 295 272 238 217 213 209 205 211 206 190 186 180 179 179 191 185 188 182 174 168 164 162 158 155 153 153 154 155 157 153 155 152 151
276 267 267 272 277 305 292 293 304 308 308 316 330 320 284 254 254 253 251 251 251 253 252 251 249 249 319 508 544 542 533 481 485 541 442 371 324 336 285 319 407 453 526 561 559 536 525 558 628 722 809 835 857 879 852 738 678 657 635 574 504 434 344 304 263 236 215 206 199 199 198 234 203 188 186 183 177 183 181 183 183 177 171 167 162 158 155 153 152 152 153 152 149 148 147 149
290 272 264 262 265 271 280 288 295 295 308 324 317 272 272 261 258 254 254 253 251 255 255 250 249 246 268 391 496 573 670 652 556 603 503 458 403 425 343 306 343 422 454 453 468 477 502 579 674 753 822 840 863 889 908 793 710 690 643 575 492 424 361 306 288 250 224 209 218 206 205 225 215 223 208 186 178 177 175 176 184 180 172 168 165 166 160 155 154 151 152 151 153 154 151 151
323 293 271 260 256 262 263 283 280 280 303 335 368 294 248 260 255 254 254 252 254 254 255 254 249 247 284 442 536 548 596 665 675 682 574 536 488 488 401 345 320 356 391 505 573 538 565 623 682 709 742 793 839 884 924 825 741 712 665 575 546 480 409 346 337 278 242 216 218 213 206 214 213 245 223 186 177 174 171 173 176 176 172 169 167 166 162 155 153 152 147 148 151 151 152 153
314 296 275 261 252 251 255 257 266 278 301 359 404 361 273 268 257 254 253 253 253 255 254 256 259 250 271 399 578 588 585 605 654 679 625 600 571 583 463 426 341 344 379 471 478 468 494 531 576 625 731 784 833 867 928 859 809 750 716 642 598 504 429 383 344 296 246 221 218 217 211 230 231 238 225 198 180 174 169 168 172 171 167 166 162 159 157 155 150 147 146 150 150 150 149 149
310 293 280 270 253 244 249 245 268 316 285 298 314 372 318 260 252 260 254 252 254 254 254 254 256 255 263 393 551 635 680 680 715 741 739 750 740 677 530 440 379 355 358 384 408 443 487 520 557 656 703 741 819 854 929 932 900 823 764 696 627 550 468 416 362 317 263 232 216 220 209 215 251 246 244 218 190 177 168 168 169 172 166 162 162 158 155 152 148 145 148 150 150 149 148 147
281 276 276 269 264 247 244 245 249 306 267 273 286 348 386 325 284 251 257 252 252 254 256 257 259 262 255 322 506 616 691 725 771 828 815 822 828 763 589 492 428 429 418 391 400 462 551 633 665 716 780 783 802 850 905 961 978 926 842 755 660 563 472 396 348 292 271 241 212 218 207 222 287 275 242 207 192 178 170 167 167 171 166 158 157 155 156 154 148 145 147 150 149 148 146 145
271 265 263 263 259 250 244 238 248 251 255 257 277 320 376 374 379 286 253 246 257 253 258 260 262 264 276 349 451 548 586 620 679 767 825 857 893 866 677 553 511 502 503 464 423 436 511 644 730 762 828 853 857 840 885 956 1007 980 881 769 660 565 474 412 358 287 252 232 214 204 205 208 268 305 267 235 205 175 168 166 165 165 167 160 157 155 154 154 148 146 146 148 148 151 149 145
271 265 257 250 247 245 246 251 247 246 257 246 250 273 323 366 406 386 332 283 250 256 257 260 260 263 269 319 410 529 578 601 654 751 797 830 868 912 821 686 599 590 594 557 513 451 481 565 600 693 789 893 928 860 891 934 958 940 876 788 721 628 535 472 391 308 265 239 217 198 197 197 219 290 275 235 193 178 169 163 161 163 165 161 157 155 150 150 146 145 145 148 150 149 149 146
281 268 257 250 238 242 245 247 248 249 248 246 244 260 303 320 331 355 341 310 266 258 267 258 261 258 260 306 465 571 573 627 705 750 781 805 857 915 880 778 689 692 693 633 585 511 496 503 592 711 808 888 958 888 910 924 946 917 862 787 779 674 577 492 394 303 263 239 216 199 196 193 194 212 211 189 174 173 172 162 161 161 163 164 159 153 149 147 143 144 146 149 151 151 148 149
