Lab9/ThaiDEM300_0000480000_0011760000.asc
ncols 800
nrows 800
xllcenter 480150.000000
yllcenter 1760150.000000
cellsize 300.000000
nodata_value -9999
[rows 135 to 179 of 800, columns 576 to 671 of 800]
118 111 89 82 81 89 100 101 105 107 112 95 81 81 88 89 91 86 76 90 90 85 89 92 103 122 155 186 206 201 152 169 221 272 241 214 238 279 303 307 234 170 146 116 101 110 134 161 146 114 128 155 150 149 136 133 145 128 130 141 156 184 178 167 164 161 161 164 167 172 167 169 171 175 175 173 166 167 166 166 170 168 167 164 170 173 175 174 182 199 198 250 292 257 265 290
112 85 78 79 81 86 92 94 107 108 91 85 83 86 96 97 96 88 103 94 94 96 116 134 104 141 161 198 226 176 173 211 269 275 239 228 231 268 330 268 209 166 144 114 104 118 136 139 141 147 151 172 180 175 156 165 208 184 182 167 154 164 171 168 161 163 165 169 177 179 169 168 174 177 181 177 174 169 169 170 172 170 170 170 177 182 187 185 201 197 194 210 223 241 313 359
83 80 86 90 85 81 75 83 100 94 88 83 87 95 101 110 117 92 125 128 118 126 159 143 123 152 223 225 198 186 192 238 286 295 266 251 228 254 285 287 235 192 143 118 115 122 134 162 166 162 146 154 165 177 199 218 233 224 213 188 179 159 156 164 162 166 171 171 177 180 175 173 173 180 182 184 182 178 173 175 179 178 178 189 199 204 206 243 235 234 241 239 281 239 282 322
81 85 93 101 99 89 83 82 85 85 82 88 91 107 118 123 116 100 132 168 169 184 180 134 155 166 234 231 222 229 193 230 277 331 296 254 230 248 274 328 297 192 141 120 129 134 160 178 165 155 161 157 166 197 241 233 215 211 202 182 177 168 154 166 165 174 173 172 178 182 178 175 173 184 192 192 186 192 182 178 181 182 187 201 213 221 250 283 249 269 239 262 307 305 249 275
94 95 102 112 117 92 121 125 90 89 108 131 111 125 137 112 116 130 165 198 233 254 212 163 211 204 247 251 266 268 222 241 303 344 290 245 241 244 266 307 283 183 151 141 151 174 189 168 160 178 172 164 190 243 257 222 204 203 185 181 176 163 163 168 173 182 175 175 179 184 183 176 180 180 193 196 191 200 200 187 187 202 208 231 242 265 294 323 300 272 262 268 309 362 279 287
123 103 108 123 115 113 157 152 110 106 147 159 161 144 118 137 169 189 199 230 261 269 238 216 250 246 306 277 259 297 264 239 289 349 301 274 263 257 250 280 300 232 162 162 171 199 194 174 170 190 189 200 216 235 215 219 197 194 181 174 172 165 168 181 184 182 180 181 182 186 188 182 183 185 189 193 196 201 205 197 190 208 222 223 226 252 271 304 323 308 318 306 353 390 299 304
130 109 117 129 116 162 150 149 108 102 149 135 127 124 140 169 217 224 221 242 265 294 284 255 289 301 370 338 284 316 296 259 268 323 327 308 291 276 252 257 266 206 161 185 206 215 188 178 187 201 231 251 235 219 221 205 195 186 184 182 174 166 171 187 189 181 184 184 183 187 192 187 188 191 191 198 198 204 209 207 199 200 207 218 223 238 272 283 333 397 425 393 418 399 340 357
131 123 131 121 140 197 188 163 120 138 146 142 144 147 171 201 226 246 245 267 291 330 351 339 368 372 401 344 316 370 351 301 281 311 373 382 339 293 275 256 254 210 178 217 215 201 201 224 226 246 265 254 234 211 207 200 193 186 181 177 173 168 183 189 189 183 184 185 188 188 193 194 192 196 198 202 207 212 216 220 251 239 251 283 246 286 274 285 339 383 451 410 383 371 362 381
145 135 124 133 149 196 213 215 194 168 162 151 184 168 144 168 201 204 210 228 265 316 368 403 437 461 462 382 358 414 397 333 315 345 411 441 368 323 281 266 257 260 243 232 213 236 246 266 277 277 244 224 221 213 199 192 187 182 174 173 173 176 180 184 188 186 187 189 190 192 196 200 198 200 201 212 216 218 230 233 255 268 296 299 291 324 322 293 303 339 377 339 363 375 419 380
149 130 142 187 176 160 204 248 206 199 175 163 192 209 173 167 166 189 223 237 229 273 321 357 412 468 504 444 437 446 444 386 344 374 411 357 332 300 280 268 270 282 297 257 258 293 284 281 266 256 231 219 210 203 198 195 187 177 176 178 179 174 177 182 187 190 190 191 194 198 199 205 204 206 209 212 226 243 266 257 282 271 291 354 346 331 365 312 306 316 314 329 409 447 445 417
143 146 176 224 185 208 190 228 248 202 185 194 165 214 231 193 183 220 277 297 247 251 275 318 359 424 511 521 479 459 491 462 413 404 363 312 298 280 270 269 283 335 349 300 323 319 309 306 272 241 231 222 211 202 196 187 180 179 180 189 184 183 178 183 188 194 195 195 195 198 203 208 212 217 217 218 224 247 292 272 323 339 362 358 414 419 390 343 320 371 348 349 388 407 453 392
147 182 232 217 206 256 217 236 244 196 233 233 184 242 273 230 203 213 255 314 305 298 269 290 314 366 446 504 503 478 483 464 402 379 367 337 316 292 289 283 291 339 348 349 333 276 262 251 237 228 225 214 203 200 191 183 182 187 186 190 185 186 188 187 193 197 202 203 203 213 208 213 220 227 226 239 256 253 244 273 335 338 339 390 450 475 453 410 345 408 412 367 369 408 509 479
171 226 260 239 226 273 225 257 272 218 244 249 198 243 310 287 234 216 264 321 378 341 303 280 300 356 434 494 526 490 492 447 400 370 363 346 325 296 299 299 307 356 350 299 302 260 240 229 227 218 216 209 201 194 184 187 186 194 194 190 187 193 194 189 198 205 207 218 228 216 211 214 223 245 270 289 306 275 249 258 294 292 328 382 399 487 537 463 368 357 402 413 388 426 549 476
232 275 325 279 262 291 238 287 319 261 257 279 237 257 328 334 259 239 250 311 393 428 364 317 319 369 411 471 524 503 449 406 389 400 391 333 306 312 334 342 369 397 373 294 269 255 243 232 223 213 207 201 196 191 188 194 188 196 194 195 194 199 196 202 207 215 217 221 224 219 217 223 238 265 326 340 326 280 286 253 299 290 308 335 347 408 472 447 398 365 436 524 498 515 617 524
285 352 407 358 333 323 283 333 360 313 309 316 266 277 347 319 278 298 273 290 336 400 408 357 342 397 431 478 538 488 426 423 417 369 327 310 322 363 403 397 385 364 323 260 241 238 264 249 224 210 206 204 195 194 203 200 196 197 199 202 206 205 208 211 219 239 231 228 231 235 228 229 235 258 292 298 336 286 274 310 289 316 342 356 391 419 425 502 499 423 442 549 610 588 665 626
259 336 345 377 357 369 353 388 427 372 383 371 303 298 371 337 315 331 308 320 355 390 409 385 377 399 450 532 578 497 460 419 369 338 325 326 368 420 410 403 397 372 313 260 243 229 228 228 218 212 208 202 198 212 205 206 207 199 201 204 209 214 226 219 240 258 235 237 245 253 248 250 251 307 259 280 317 307 312 367 336 314 328 432 463 475 480 536 570 488 459 524 608 667 713 736
214 236 247 280 296 342 378 421 477 469 443 423 360 319 382 361 336 344 360 367 398 424 457 470 486 473 521 551 566 526 498 453 390 370 398 404 429 415 405 430 424 399 296 255 248 228 218 218 220 226 218 208 201 210 209 211 213 208 206 212 218 234 235 242 243 252 248 263 284 293 321 295 301 285 295 290 282 286 339 398 369 336 339 365 402 484 570 623 641 568 542 588 659 750 819 852
277 265 244 238 244 276 309 394 470 534 518 471 408 362 398 399 365 359 372 377 410 461 501 534 559 564 597 599 555 524 487 437 428 438 418 369 355 327 333 416 391 332 291 268 226 220 218 213 221 222 221 217 204 205 212 214 218 212 211 221 242 233 253 250 240 256 270 311 353 392 421 402 364 298 371 370 304 292 346 363 429 393 387 382 391 439 524 614 684 695 629 624 716 793 766 750
338 338 328 282 249 252 291 364 460 532 582 525 457 432 433 453 415 401 398 406 426 476 523 573 608 615 607 591 545 511 489 427 362 354 372 318 277 263 317 372 345 322 297 240 220 216 212 212 214 216 223 219 212 209 212 221 222 221 216 226 248 250 252 259 254 274 276 319 409 499 483 445 374 315 390 345 290 299 305 369 481 443 468 427 460 453 494 573 670 784 720 699 763 768 692 651
317 385 432 352 313 308 314 360 467 537 567 572 533 530 516 505 467 462 473 475 513 529 556 590 598 574 541 557 546 519 488 410 307 298 288 270 252 244 271 272 248 244 255 220 214 212 208 210 212 216 223 230 225 229 222 226 228 229 230 236 249 257 256 270 293 333 306 314 365 436 448 358 333 365 383 348 328 310 355 409 469 561 558 466 495 543 538 573 671 801 842 779 745 686 617 588
322 395 484 461 364 367 374 361 417 437 487 554 586 619 609 583 539 523 537 549 584 584 591 590 562 528 517 534 539 521 480 398 297 257 243 237 251 233 225 227 218 215 211 207 208 210 213 209 215 223 235 233 241 246 241 237 249 244 251 257 262 273 304 328 327 384 362 372 360 369 431 384 408 459 464 387 329 406 382 450 523 604 621 527 552 631 653 674 771 849 870 756 636 591 552 534
378 416 513 512 417 434 454 436 486 468 469 506 566 637 668 621 595 594 582 601 630 625 623 567 523 530 515 534 525 513 483 418 348 272 242 231 232 226 215 211 208 205 204 204 211 212 219 221 218 234 245 252 249 251 254 248 271 258 265 273 299 327 336 404 395 414 434 449 422 364 392 439 482 512 415 357 359 416 434 497 551 660 669 617 612 700 781 780 813 825 804 697 612 551 522 493
476 489 552 559 494 511 535 519 552 542 534 514 546 627 709 734 743 695 673 666 629 592 596 568 532 508 503 510 496 504 504 433 344 292 242 228 224 219 214 216 211 205 206 203 211 214 218 227 227 235 262 272 258 252 248 254 273 278 306 361 364 425 406 425 493 517 555 503 436 372 384 433 521 494 396 372 421 445 505 549 621 721 760 748 750 816 878 793 729 718 710 612 563 533 531 492
562 573 584 602 587 567 593 604 596 584 613 579 566 620 701 763 792 712 643 591 566 571 552 544 533 519 454 435 443 474 453 390 330 276 237 230 228 223 222 230 218 200 198 208 211 219 232 236 245 253 275 277 256 260 266 278 322 347 409 434 476 459 485 518 582 592 518 444 388 396 394 471 528 460 414 396 453 525 499 611 723 789 868 865 858 826 791 747 689 647 589 533 520 509 518 513
465 546 544 622 659 634 647 685 601 622 674 654 606 640 715 779 764 655 619 569 541 550 543 527 529 532 455 353 360 421 398 347 290 253 232 225 219 225 230 223 208 195 200 215 216 222 225 228 233 238 246 252 255 274 303 351 390 448 475 461 421 398 461 541 626 608 516 438 424 441 438 500 481 438 418 453 477 574 564 606 723 810 907 872 798 757 671 672 648 559 552 498 502 501 481 479
499 495 528 586 642 678 741 733 629 654 704 706 637 670 750 764 694 617 577 568 544 515 441 447 415 510 507 389 292 315 329 293 275 258 235 217 215 212 211 209 194 191 204 213 216 214 223 234 237 245 246 251 269 331 373 387 422 452 395 372 374 390 431 473 546 591 559 489 463 516 568 524 467 488 496 526 560 625 646 702 772 837 827 773 701 644 589 607 576 527 551 540 490 466 455 454
590 547 564 606 645 720 775 780 680 684 732 717 679 745 769 677 608 566 566 508 522 536 450 337 326 456 482 375 260 288 296 252 290 275 245 240 224 202 193 198 191 196 200 209 215 217 223 238 260 262 265 257 280 305 318 356 368 353 382 433 376 429 419 430 463 546 588 563 512 556 621 570 536 585 628 649 686 718 757 786 811 813 752 682 666 557 531 528 529 526 537 508 481 429 429 421
625 584 564 637 684 753 803 805 766 745 753 750 724 818 769 672 613 596 590 524 530 592 490 377 312 388 452 342 252 261 269 270 261 276 226 222 202 188 186 192 192 196 199 207 208 212 223 244 275 276 274 274 273 290 320 335 332 324 384 455 429 428 505 474 544 553 570 605 586 630 566 538 606 621 619 619 700 809 826 829 737 695 685 631 609 537 488 496 510 485 520 471 443 404 415 410
716 629 610 616 657 722 768 794 855 810 811 813 774 796 747 694 662 629 593 568 504 569 489 389 300 334 407 319 246 229 297 263 212 207 200 188 183 188 182 188 192 199 208 211 213 224 226 242 263 282 296 295 309 286 291 304 306 323 388 471 500 501 567 584 576 640 658 683 666 584 516 565 575 551 544 630 730 768 795 775 688 591 603 576 511 464 494 540 525 458 457 442 412 379 402 433
716 682 674 674 654 694 728 769 831 863 823 707 653 654 647 680 688 644 512 422 435 513 451 370 332 296 293 297 239 224 301 222 198 194 190 185 178 184 178 184 193 203 210 221 233 244 244 275 336 331 322 322 327 328 320 344 335 336 367 416 464 561 624 656 608 582 641 633 586 502 495 531 529 492 568 664 676 686 744 661 620 557 503 493 455 440 487 523 485 464 421 409 382 402 449 469
653 731 738 719 686 687 720 777 825 811 675 573 548 570 623 639 594 553 446 332 406 497 450 442 445 376 262 257 241 244 209 199 192 189 185 184 176 179 176 181 188 198 204 220 237 253 266 344 427 391 374 403 353 370 375 391 400 380 360 372 449 542 579 635 530 506 519 556 489 471 458 458 467 495 585 599 617 691 712 596 530 503 463 437 434 444 464 480 476 416 395 391 374 416 484 501
623 674 736 746 718 733 741 790 785 658 521 423 432 510 582 551 487 404 307 282 346 417 458 516 476 363 262 212 277 258 196 189 186 184 179 177 172 173 173 179 187 195 205 222 273 342 334 333 407 457 430 516 452 452 492 471 492 493 486 444 437 495 589 595 473 433 461 521 451 468 444 467 502 489 513 525 583 678 625 538 478 443 423 431 463 443 458 455 419 424 397 365 401 455 469 458
542 588 620 681 732 749 785 749 624 516 402 310 350 464 508 395 331 280 206 228 309 352 437 517 464 340 253 202 260 232 186 179 176 179 183 174 173 168 172 180 194 202 212 252 332 434 456 353 410 500 467 529 551 529 621 586 587 598 608 546 556 573 602 586 479 402 451 439 429 431 414 497 569 575 515 563 641 649 615 532 465 422 390 426 442 438 451 446 394 379 368 387 452 442 422 397
487 542 611 661 731 701 713 602 491 399 350 266 281 360 432 334 247 198 177 251 294 329 468 507 436 322 243 200 209 215 180 172 173 177 176 173 167 166 173 180 198 228 233 255 331 459 487 420 416 508 544 544 590 611 617 553 488 526 568 611 607 563 520 545 482 449 409 393 408 399 427 492 614 636 576 617 642 582 574 504 449 428 392 418 447 419 435 422 415 351 357 417 414 392 387 407
496 560 617 672 703 648 570 442 372 307 278 277 207 253 292 228 195 170 172 226 261 326 469 495 411 334 284 243 215 181 183 172 171 176 171 168 164 165 176 189 217 295 335 350 422 473 510 513 470 499 508 507 533 559 530 498 412 420 489 509 514 445 433 477 439 470 399 390 393 435 474 508 616 648 585 554 548 546 516 449 433 421 385 412 426 412 422 418 388 352 366 364 369 379 390 393
479 544 619 692 704 576 401 322 250 232 247 240 180 168 172 165 160 157 167 201 251 324 465 450 377 288 254 285 205 175 176 169 165 169 167 166 160 167 183 201 239 329 429 513 498 477 452 470 495 473 423 434 478 498 447 422 381 360 431 453 443 364 391 386 420 386 369 370 395 459 538 588 593 594 591 514 475 507 457 402 408 410 375 377 402 405 408 386 334 348 372 414 407 401 401 410
519 545 611 665 707 548 369 256 211 189 203 189 160 152 150 163 155 154 166 188 236 328 468 409 317 265 255 249 176 168 172 169 162 167 165 163 158 172 180 195 264 367 464 525 460 398 396 404 425 432 373 377 431 475 398 357 383 337 377 369 391 348 334 375 380 354 371 419 439 463 574 634 560 525 558 504 445 455 412 415 386 387 370 384 389 407 415 362 327 361 400 426 419 418 429 425
600 620 662 686 723 563 423 301 211 170 161 155 148 147 143 144 146 151 162 172 217 290 419 388 280 205 240 184 162 160 165 166 161 159 158 159 162 181 213 202 281 421 488 472 392 332 343 333 400 433 346 341 373 398 382 323 336 312 315 333 348 325 333 343 345 378 421 479 515 548 599 591 511 456 528 495 424 410 381 414 387 356 382 407 411 407 366 321 348 396 422 397 407 434 458 483
674 679 717 741 682 535 426 342 231 164 153 146 141 140 137 138 145 154 156 164 188 249 367 318 245 186 198 168 156 163 163 161 162 154 155 156 166 181 209 230 306 431 421 413 325 271 304 312 383 373 325 292 308 321 311 285 328 358 339 305 297 341 395 361 373 421 403 493 614 635 615 561 486 451 475 435 418 375 363 398 379 353 414 430 399 349 315 346 371 419 399 381 410 434 493 575
662 675 720 736 608 472 424 365 227 163 149 143 141 138 134 137 146 148 152 165 181 238 343 276 222 178 184 167 158 156 161 156 156 150 153 159 170 192 233 277 340 404 348 348 281 250 275 314 320 297 278 277 263 266 264 293 393 461 429 337 339 348 368 376 397 466 487 485 584 577 537 511 490 420 444 401 390 392 384 361 347 368 409 422 381 343 338 359 383 397 375 390 423 478 554 553
644 667 638 587 503 376 305 261 195 172 170 145 138 133 132 134 137 142 149 156 164 224 300 236 203 170 173 163 158 149 148 151 151 154 158 171 192 236 318 364 413 384 267 252 236 229 273 270 255 253 255 247 246 268 301 364 446 517 450 384 371 364 365 424 429 484 582 576 545 523 507 433 438 423 372 363 349 352 355 345 376 388 414 388 352 320 344 354 363 366 380 410 453 510 513 517
514 509 489 442 389 356 231 191 164 150 172 140 132 129 130 132 137 141 145 152 150 192 234 186 172 159 158 155 150 146 144 150 154 156 154 161 185 274 373 379 341 330 238 210 228 223 228 236 230 229 239 236 304 355 344 381 462 513 445 374 342 356 430 441 516 500 578 576 528 498 455 432 373 378 365 343 343 346 351 358 386 404 401 375 333 319 351 372 381 363 377 411 424 450 456 474
393 347 372 333 274 301 205 153 151 140 140 132 126 127 128 127 136 137 141 146 143 159 187 165 164 157 149 148 143 142 144 149 150 151 155 158 196 297 327 322 271 256 212 194 204 200 214 216 233 247 270 285 319 346 394 412 464 464 389 305 297 405 512 530 568 548 508 511 509 479 436 390 401 354 334 327 358 402 415 399 394 399 383 340 328 332 362 386 360 369 386 416 402 403 430 454
404 260 247 220 204 189 173 142 136 136 130 125 123 123 124 126 131 135 140 142 139 148 159 156 153 151 147 145 140 147 162 160 158 161 164 173 173 256 276 258 211 203 198 215 237 232 246 285 324 315 265 312 379 394 461 451 396 365 330 267 345 497 575 604 582 527 453 462 456 457 424 387 346 338 311 352 381 402 388 388 356 356 360 332 314 350 372 363 349 372 400 407 395 408 445 482
428 315 209 174 153 141 139 132 130 128 129 125 125 125 126 125 131 133 135 139 138 146 151 148 145 147 144 141 144 154 166 171 177 188 197 254 197 204 226 207 217 235 222 256 361 317 327 317 359 351 322 310 431 445 390 344 353 307 263 305 397 506 567 547 506 488 461 423 418 406 396 352 362 318 326 363 355 392 366 370 374 345 326 309 317 345 338 336 353 376 383 372 381 408 453 474
