Lab9/ThaiDEM300_0000480000_0011760000.asc
ncols 800
nrows 800
xllcenter 480150.000000
yllcenter 1760150.000000
cellsize 300.000000
nodata_value -9999
[rows 315 to 359 of 800, columns 384 to 479 of 800]
55 54 54 54 54 54 53 54 54 54 54 54 54 53 52 52 53 52 52 52 54 54 55 54 54 53 51 51 51 52 52 52 51 51 51 51 51 51 51 52 53 51 52 53 53 53 54 54 54 54 54 55 56 55 55 54 57 59 56 58 54 53 53 52 51 52 52 50 51 51 52 54 53 53 50 54 51 51 51 53 52 52 54 54 54 51 50 50 49 49 47 48 50 50 50 54
58 56 55 54 54 55 55 55 54 54 53 54 53 53 53 53 52 52 52 52 53 53 53 56 57 53 53 52 52 52 51 51 52 50 51 50 51 51 51 51 52 52 52 53 54 54 53 54 54 53 54 54 54 56 55 58 59 56 58 57 55 53 52 52 52 51 51 51 51 50 52 52 54 53 52 52 52 51 52 51 50 51 52 54 53 52 51 50 50 49 49 49 49 49 50 52
59 57 55 55 55 56 55 53 55 54 54 54 53 54 53 54 53 52 52 51 52 52 52 53 54 55 54 53 52 52 52 51 50 50 51 51 50 51 51 52 52 52 53 54 53 53 53 54 53 53 54 54 55 55 56 59 55 54 59 55 53 52 53 51 52 51 52 51 50 51 51 54 59 55 56 53 53 51 50 51 51 50 50 52 54 53 51 50 50 49 50 50 49 50 50 51
59 57 57 56 55 55 55 55 53 53 54 54 54 53 53 53 53 52 52 52 53 52 52 52 53 55 56 53 53 53 53 52 51 51 51 51 51 51 51 52 52 53 52 54 53 53 53 54 53 53 55 57 57 56 58 55 53 58 56 54 53 53 52 52 51 51 51 51 50 51 53 54 56 55 54 53 52 51 51 51 51 50 51 52 54 52 52 51 51 50 50 52 50 49 49 53
61 60 56 57 56 56 55 54 54 55 55 55 53 53 53 53 52 53 52 52 52 52 53 53 53 53 53 53 54 54 53 52 51 51 50 51 52 51 52 51 52 53 53 54 56 56 54 53 53 54 57 59 53 55 55 56 56 55 55 54 53 53 52 51 51 51 51 52 51 52 54 53 55 54 57 53 51 51 51 51 50 50 51 51 54 53 52 51 50 51 51 51 51 50 49 53
59 59 57 56 55 55 55 55 55 54 55 55 53 54 53 53 55 54 52 52 52 53 52 53 53 53 52 53 53 53 54 52 51 51 52 50 51 50 51 52 51 52 52 53 53 54 56 57 55 55 56 55 54 57 56 59 61 58 57 55 54 52 53 51 51 51 50 51 50 51 52 52 54 54 55 53 52 52 51 51 51 49 51 52 56 56 50 50 50 52 52 52 50 50 49 56
57 56 57 57 56 56 55 56 55 55 55 55 54 53 54 53 53 54 51 52 52 51 52 52 53 54 54 53 53 54 52 52 52 51 52 51 50 51 52 52 53 51 52 52 53 52 53 54 55 55 56 56 59 54 55 55 56 55 52 55 57 53 52 52 52 52 51 50 51 51 52 51 51 52 54 54 55 53 52 51 51 51 51 52 59 56 52 53 52 53 51 51 50 50 50 59
58 58 56 56 56 55 54 53 54 55 54 54 53 53 52 53 53 52 53 53 52 51 52 53 54 54 54 53 53 53 53 53 52 52 52 51 52 52 51 52 53 52 52 52 53 53 53 54 54 54 55 55 56 59 56 55 56 59 56 55 55 54 52 53 52 51 51 52 50 51 51 50 50 51 53 53 54 53 53 52 55 55 51 51 54 54 53 52 51 51 51 51 51 51 51 69
58 58 56 55 54 54 53 54 54 53 53 53 53 53 53 52 52 53 52 51 51 52 52 51 52 53 53 52 53 53 54 55 54 53 52 53 52 52 53 53 53 53 52 52 53 52 53 54 54 54 53 53 54 56 58 56 57 56 59 56 55 54 56 54 52 53 52 52 49 49 50 50 50 50 53 52 54 55 54 51 51 50 50 51 53 53 53 51 51 50 50 49 49 50 52 70
57 55 55 55 55 54 54 54 55 54 54 54 53 53 54 54 53 52 53 53 52 51 52 52 53 52 52 53 53 52 53 53 56 56 54 54 54 53 54 54 54 54 55 54 52 53 54 53 53 53 54 54 53 54 54 54 56 54 58 57 56 55 56 56 56 58 54 51 51 51 50 50 50 51 52 51 50 55 55 51 50 50 51 50 51 52 54 52 51 50 50 50 49 50 52 75
55 55 54 54 55 54 53 54 54 55 54 54 54 54 54 53 53 53 53 53 52 53 52 53 53 51 52 52 52 52 52 53 53 53 53 54 54 53 53 52 53 53 52 53 52 53 54 52 53 53 54 53 53 52 53 53 54 55 60 60 54 54 55 56 59 58 54 52 51 50 50 50 50 50 52 52 51 53 53 50 49 50 51 52 52 51 55 53 51 50 50 50 49 49 52 106
54 54 54 54 54 54 53 55 53 53 53 54 54 54 54 53 53 52 52 52 52 53 52 52 52 52 52 52 51 52 52 52 52 52 52 54 52 51 53 53 51 53 52 52 52 53 53 53 56 53 53 53 52 53 52 52 54 55 56 58 54 55 53 52 54 55 52 51 50 50 51 50 49 50 50 50 50 52 51 49 49 49 51 51 51 51 53 52 50 50 49 49 49 48 56 133
54 53 54 54 54 53 52 54 54 53 53 53 54 54 54 53 53 52 53 53 52 52 52 53 53 52 51 53 51 51 52 52 53 52 53 53 52 51 51 51 52 53 52 52 52 52 53 53 53 53 53 53 53 53 51 52 53 54 55 60 54 53 52 57 58 56 55 52 51 50 50 50 50 50 50 49 50 49 51 49 48 49 52 51 50 50 52 52 51 49 49 49 48 49 59 135
56 55 53 53 53 54 53 52 53 53 52 53 53 54 55 55 54 54 53 53 52 52 52 52 52 53 52 52 51 51 52 52 51 52 53 51 53 51 51 51 52 51 52 51 52 52 52 53 52 52 52 52 52 52 51 52 52 54 55 58 58 55 56 59 55 52 52 51 51 50 51 50 50 50 50 50 49 49 49 48 49 50 50 50 51 50 52 52 53 53 50 49 49 49 63 124
57 55 54 55 56 54 53 53 53 52 52 53 53 54 55 54 55 53 53 52 52 52 52 51 53 52 52 52 51 52 53 51 50 53 51 51 50 51 50 50 51 51 51 51 51 52 53 53 54 53 53 51 52 52 51 52 52 54 56 59 59 55 57 54 53 52 51 51 50 50 50 50 50 50 50 49 49 49 49 48 49 49 49 48 49 50 51 51 52 53 50 50 50 49 58 104
60 57 54 55 55 54 54 53 53 53 54 53 52 53 52 53 52 52 52 53 51 51 52 53 52 52 52 53 51 51 51 51 51 52 50 52 51 51 50 50 51 50 51 51 50 51 52 52 50 52 52 53 51 51 53 53 52 54 57 57 54 57 57 52 52 52 51 51 51 51 50 50 49 50 49 49 49 50 49 48 48 49 50 48 49 50 50 51 51 52 51 49 48 49 55 72
59 57 55 56 57 55 55 53 53 52 52 52 52 53 53 52 53 53 52 52 52 52 52 52 51 51 51 53 51 52 52 51 51 51 51 52 51 50 51 51 50 50 51 51 51 51 52 51 53 52 52 51 51 51 52 52 52 55 56 53 54 58 57 54 52 51 51 51 51 51 50 51 50 50 49 50 49 49 49 49 49 48 48 49 49 50 49 50 51 53 51 50 49 49 67 63
57 55 54 54 53 54 55 54 53 53 52 53 53 52 53 53 53 53 52 53 53 53 52 52 52 52 52 52 52 51 52 50 51 52 51 51 52 51 50 50 50 50 51 50 50 50 51 52 51 51 51 50 51 51 52 53 53 55 56 55 58 57 57 53 52 52 52 51 51 53 52 50 51 52 51 50 49 49 50 50 49 49 49 49 48 52 51 50 51 52 50 50 49 49 85 64
55 54 54 55 54 55 53 53 54 52 53 53 52 52 53 52 53 53 53 53 52 53 52 52 52 52 51 51 52 51 51 51 51 52 52 50 51 51 51 50 50 51 51 49 50 51 51 52 51 52 51 51 51 52 53 52 52 53 56 54 56 54 55 53 53 51 51 52 52 51 51 51 50 51 51 51 49 49 50 50 49 49 49 49 51 55 51 50 51 53 52 51 50 49 85 62
54 54 54 53 54 53 52 53 54 53 52 53 53 52 52 52 52 52 53 53 53 53 52 51 51 51 51 51 51 51 50 51 50 52 52 51 50 50 51 51 50 50 50 50 50 51 50 51 52 51 51 51 52 52 52 51 52 53 55 56 55 56 54 56 54 53 52 52 52 51 52 52 51 51 50 50 49 49 49 49 50 49 48 49 50 55 51 50 51 52 52 51 50 49 73 58
53 54 53 53 54 53 52 53 52 52 53 53 52 51 51 52 52 52 51 52 53 52 51 50 51 50 51 51 53 51 51 51 55 55 51 51 50 49 51 51 51 50 50 50 50 50 51 51 51 51 51 51 52 51 53 52 51 52 53 55 56 54 53 55 58 57 55 52 52 51 51 51 52 52 53 51 50 49 49 49 49 48 49 50 50 53 52 52 52 50 50 52 50 51 63 54
53 54 54 53 54 53 53 53 53 54 55 52 52 52 52 52 52 51 52 52 52 51 51 51 51 51 51 51 53 51 51 52 52 51 51 50 51 50 50 49 51 51 50 50 50 50 50 51 52 51 51 51 51 52 52 52 51 51 52 54 55 56 56 57 55 57 56 55 52 52 52 52 52 52 53 52 51 50 50 49 49 49 50 50 52 52 52 52 51 50 50 52 50 52 59 53
52 53 53 53 52 52 53 53 52 52 53 52 53 53 53 52 52 52 51 52 52 52 52 52 52 52 52 51 51 51 51 50 50 50 52 50 50 51 50 50 50 50 51 50 51 50 50 50 51 50 50 51 51 51 51 51 50 51 51 53 55 56 60 59 63 60 54 54 55 53 53 53 53 54 55 53 50 50 50 49 49 49 49 50 52 49 48 50 51 52 54 53 52 53 54 50
52 53 54 53 52 52 54 53 53 52 53 52 52 51 52 51 51 51 51 52 52 51 51 52 52 51 52 51 51 50 50 50 51 50 50 50 51 51 50 49 50 50 50 50 51 50 51 51 53 50 50 50 50 50 51 50 50 50 51 51 52 53 55 58 60 59 55 52 53 53 53 55 54 55 54 54 51 51 51 50 49 49 49 49 50 50 49 49 52 54 52 52 52 52 51 50
52 52 53 52 52 52 52 52 51 52 52 51 52 52 51 51 51 51 51 51 51 51 51 51 50 50 52 52 50 50 50 50 49 50 50 51 52 50 50 50 50 50 49 50 51 52 51 52 52 50 50 50 50 50 49 50 49 50 51 50 51 51 53 53 55 59 56 52 55 54 53 56 54 52 50 53 52 50 50 49 50 49 49 49 53 54 52 51 55 51 49 50 51 50 50 52
52 52 53 52 51 52 52 53 52 52 52 52 52 51 51 51 52 51 50 51 52 51 50 50 49 50 51 51 51 50 50 50 50 51 52 52 50 50 50 49 49 49 49 50 50 50 50 50 50 50 49 50 49 48 50 50 50 50 50 50 51 51 52 52 53 56 57 53 56 55 55 57 52 51 52 54 52 50 50 50 49 48 49 53 54 52 50 53 53 50 48 50 52 49 52 69
51 52 53 53 52 51 52 52 51 52 52 51 51 51 51 52 51 49 50 51 51 50 50 49 50 49 49 49 51 51 53 52 52 52 52 51 51 51 50 49 49 49 49 49 49 51 50 50 50 50 50 50 50 50 50 49 49 49 50 50 51 50 50 51 52 53 55 56 49 52 55 54 52 51 50 53 51 50 51 49 48 49 50 51 50 51 50 50 51 50 49 50 51 51 52 72
51 52 52 53 52 51 51 52 51 51 51 51 50 51 50 51 51 50 50 51 51 51 51 49 50 49 49 49 50 51 51 50 51 50 51 53 51 50 50 50 49 49 48 49 50 48 49 49 51 51 51 49 50 50 49 49 49 50 50 49 50 50 50 49 50 51 52 55 50 53 55 52 52 51 50 52 52 50 49 49 49 51 50 51 49 51 52 49 51 51 50 49 49 52 51 53
51 51 52 52 52 52 51 51 51 50 51 51 51 50 51 51 52 51 50 51 51 50 50 49 49 49 50 49 49 50 51 50 50 50 50 50 51 51 51 50 50 50 50 49 50 50 49 49 49 49 50 50 49 50 49 49 49 49 49 50 49 50 50 50 50 51 52 55 52 55 52 51 51 51 51 51 51 50 50 49 49 49 52 51 49 53 51 50 50 49 48 49 50 50 51 51
51 51 51 51 53 52 52 50 50 51 51 50 50 51 51 51 52 51 50 50 50 50 50 49 49 49 49 49 49 49 50 50 50 50 50 49 50 51 50 50 51 50 49 49 50 49 50 49 49 49 49 50 49 49 48 49 48 49 49 49 50 49 50 49 50 51 52 54 55 53 53 51 51 51 51 52 52 51 50 49 49 49 51 50 49 52 54 51 51 48 49 48 48 48 50 53
51 51 51 52 52 52 51 51 51 50 50 51 50 51 51 50 51 50 50 50 50 51 51 49 49 50 49 50 49 50 51 50 49 49 49 50 50 50 50 51 51 49 49 50 49 49 51 50 49 49 49 49 49 49 48 48 47 49 49 48 48 50 50 49 49 49 51 53 57 54 57 55 53 52 51 52 51 50 49 49 50 50 52 51 49 49 50 52 52 49 48 48 48 48 49 51
51 51 52 51 52 52 52 51 50 50 50 50 50 50 50 51 51 50 49 50 49 51 50 50 50 50 50 49 51 52 50 49 49 49 50 51 50 51 51 50 50 50 50 49 49 49 50 51 50 48 49 49 48 48 48 49 49 49 48 48 48 49 49 48 50 50 50 51 53 54 56 52 55 53 52 51 50 50 51 50 49 50 50 50 50 50 49 50 55 49 48 48 47 48 48 49
51 51 51 49 51 51 52 51 51 51 49 50 50 49 50 50 50 50 49 50 50 50 50 51 50 50 50 50 50 50 49 50 49 49 50 50 49 49 49 49 49 50 49 49 48 49 49 50 51 49 49 49 48 48 49 50 49 48 49 49 49 48 50 49 50 49 50 51 53 53 56 57 53 52 53 52 54 50 50 49 49 48 48 48 49 49 50 50 54 52 50 48 47 47 48 47
50 50 51 51 51 51 51 52 52 50 51 50 50 50 49 49 50 50 49 49 50 51 51 49 50 50 51 50 49 49 49 49 48 49 51 50 48 50 49 49 49 50 49 49 49 48 48 48 49 51 50 51 50 48 48 48 48 49 48 48 48 48 50 49 49 49 51 51 53 52 53 53 52 55 52 52 51 49 49 49 49 49 48 48 47 47 48 48 51 52 49 48 47 47 48 48
51 51 51 51 50 51 51 52 52 51 50 50 50 50 50 49 50 49 50 50 50 51 50 49 50 50 49 50 50 49 49 48 48 49 50 49 48 50 50 50 49 50 50 49 48 48 48 49 49 48 49 49 49 49 47 49 48 47 47 48 48 48 48 49 49 50 50 52 52 52 53 53 53 55 53 52 50 49 50 49 49 48 48 49 47 47 47 48 48 52 51 49 48 47 47 47
51 51 51 49 52 51 52 52 53 52 51 50 49 49 49 49 49 49 49 49 49 49 50 49 49 49 50 50 51 50 48 49 48 48 48 49 48 49 49 50 50 50 48 49 48 47 48 47 48 48 48 49 49 48 49 49 48 48 48 48 47 48 49 49 49 50 51 52 51 51 52 52 54 55 54 51 51 50 49 48 48 49 48 48 47 48 47 47 46 52 50 48 47 47 47 47
51 51 51 51 52 51 51 53 51 52 49 49 49 49 49 49 50 49 48 48 49 49 50 49 48 49 49 48 50 49 49 49 48 48 49 48 48 49 49 51 50 49 49 50 48 48 48 47 48 48 49 49 50 49 48 48 48 48 48 48 48 48 49 48 49 50 50 51 50 51 51 52 55 53 52 52 51 52 50 49 49 48 48 49 47 48 47 47 49 54 49 48 47 48 48 47
50 51 52 52 52 51 52 51 50 52 51 50 50 49 49 50 49 48 48 49 49 48 50 50 48 49 48 49 49 50 48 48 49 49 48 48 49 48 49 49 49 49 49 50 47 48 48 48 48 48 48 49 50 48 48 48 47 47 48 49 49 48 48 48 49 50 49 50 50 51 51 53 57 55 55 53 54 57 53 50 49 49 49 49 48 48 48 49 49 49 51 49 48 49 51 49
50 50 50 51 50 50 50 50 51 50 51 50 50 50 49 49 49 48 50 48 48 49 52 49 49 48 48 48 49 49 49 49 48 48 48 49 48 48 49 49 49 49 48 49 47 47 47 47 48 48 48 48 50 48 48 47 47 49 49 48 49 47 48 47 49 49 50 50 49 49 49 52 55 56 53 53 55 54 54 53 51 50 49 48 48 49 48 49 48 47 50 52 50 51 52 53
50 50 51 52 49 49 50 50 50 50 51 52 51 50 49 50 50 49 48 47 49 49 50 49 49 48 49 49 49 48 48 48 48 48 49 48 48 48 49 51 49 49 50 48 48 48 48 48 47 47 48 49 51 50 49 49 50 50 48 47 48 48 48 47 48 48 50 50 49 49 49 49 52 52 50 51 51 52 56 55 52 50 50 49 49 49 48 47 47 47 47 53 52 49 49 49
51 51 51 51 50 51 49 49 49 50 51 51 51 51 51 50 49 48 49 48 49 50 50 49 49 49 49 49 49 50 47 48 48 48 48 48 48 48 49 48 49 49 48 48 48 48 48 47 47 47 48 49 48 47 48 50 48 49 48 47 47 47 48 48 48 48 48 49 49 49 49 49 49 49 49 49 50 50 53 55 53 51 50 49 49 49 48 48 48 48 48 52 51 49 47 47
52 52 51 51 50 49 49 49 49 51 51 50 50 51 51 51 50 49 48 48 49 49 50 49 48 48 49 48 48 48 50 48 48 48 49 47 49 47 48 48 49 51 49 49 48 48 46 47 47 48 48 48 47 47 48 50 48 49 49 48 47 47 48 47 46 47 48 48 47 47 49 49 49 49 49 49 49 49 50 53 53 56 51 50 50 50 49 48 48 48 48 49 51 50 49 47
50 50 51 50 49 49 49 49 50 50 49 50 51 50 51 51 49 48 48 48 50 49 50 49 48 49 49 48 48 48 49 48 48 49 48 48 48 47 49 49 49 50 49 48 47 47 47 48 47 47 47 47 47 47 47 49 48 48 48 48 47 48 47 47 47 47 48 48 49 48 49 47 47 49 49 48 48 49 51 50 52 53 55 54 51 50 49 49 48 48 48 49 51 52 51 52
50 51 51 49 49 49 49 48 48 49 49 48 49 51 50 49 48 48 48 49 48 48 49 50 49 48 48 48 48 48 48 48 48 49 47 47 47 48 48 48 48 49 48 47 47 47 47 47 47 47 47 47 48 48 47 48 48 48 48 47 48 47 46 47 47 46 47 47 48 49 48 48 48 48 48 48 48 49 49 49 50 51 55 55 54 52 50 49 48 49 51 50 49 50 48 50
49 49 51 50 48 50 48 49 49 49 49 49 50 51 50 48 48 48 48 49 49 50 49 50 48 48 47 48 48 47 49 48 47 47 48 47 48 47 47 49 48 49 47 47 48 47 47 48 47 46 46 47 46 47 46 47 47 48 48 47 47 47 47 46 46 47 48 47 47 48 48 47 48 48 48 48 48 48 48 48 49 49 50 53 58 56 51 49 50 50 55 52 50 49 49 47
