Lab9/ThaiDEM300_0000480000_0011760000.asc
ncols 800
nrows 800
xllcenter 480150.000000
yllcenter 1760150.000000
cellsize 300.000000
nodata_value -9999
[rows 450 to 494 of 800, columns 288 to 383 of 800]
185 222 253 338 483 599 758 876 912 942 959 966 987 1015 1062 1149 1172 1135 1090 937 814 734 621 483 374 288 231 181 169 136 123 102 102 78 88 75 66 68 66 60 59 58 58 56 56 54 54 53 52 51 50 50 50 50 50 49 51 51 49 51 50 53 50 49 51 52 51 49 51 48 47 48 48 47 47 47 49 47 46 48 50 46 46 45 45 44 45 45 44 43 44 45 44 47 44 44
172 192 196 254 379 457 601 823 867 890 895 912 931 939 1001 1078 1147 1106 1042 918 798 715 616 468 351 281 215 155 132 123 132 215 209 142 204 164 123 95 69 63 61 58 57 56 57 55 54 53 52 52 52 50 49 49 49 50 49 52 49 52 50 51 49 49 49 49 50 48 48 48 47 48 48 48 46 46 49 48 48 48 49 48 46 45 45 45 45 45 44 44 45 45 45 48 44 45
157 170 166 206 316 402 543 773 786 794 812 861 892 900 970 1056 1146 1102 995 867 782 690 601 469 356 257 163 139 114 140 188 275 263 284 222 175 125 69 62 62 60 57 57 56 55 55 54 54 54 52 51 51 51 51 49 49 50 51 49 52 50 51 48 50 50 48 49 46 46 47 48 48 47 47 46 48 49 46 48 48 47 46 45 44 46 45 45 44 45 45 45 45 46 47 45 45
142 151 157 189 295 428 606 713 709 723 758 810 864 884 938 1005 1099 1097 1003 856 763 670 567 443 340 237 158 108 111 172 227 299 318 314 169 88 74 65 62 60 60 58 56 56 55 55 55 54 53 53 51 51 53 51 50 49 49 52 50 51 51 53 50 48 48 48 49 46 47 47 47 47 47 47 47 49 49 47 48 49 47 45 46 46 45 46 45 46 46 45 44 45 47 47 45 47
135 142 151 191 316 488 641 660 656 700 746 771 801 833 874 934 1027 1086 999 872 770 668 576 458 352 265 181 114 90 108 192 340 352 275 194 107 73 66 62 59 59 58 56 55 55 55 54 54 54 53 53 52 52 50 50 51 51 50 49 50 53 51 50 49 48 48 48 47 47 47 47 47 47 47 47 49 49 47 49 48 47 46 46 46 46 45 45 45 45 45 46 46 47 48 47 46
130 135 157 196 320 539 608 614 615 645 687 730 745 788 812 879 973 1062 1001 874 743 649 554 466 376 266 183 126 97 78 102 208 318 289 201 120 109 80 62 60 59 59 57 57 56 54 55 54 54 54 52 52 52 51 50 50 50 50 50 49 53 53 52 52 48 48 48 47 46 46 48 48 47 48 49 51 47 47 49 48 47 46 46 46 46 45 46 45 45 45 45 47 47 46 45 45
122 128 147 166 253 428 567 561 579 604 638 693 706 756 770 833 937 1038 987 856 726 622 518 463 380 249 222 186 101 77 77 117 207 291 249 225 161 104 65 59 58 59 58 59 57 55 56 55 55 53 52 53 52 51 51 50 50 50 50 51 54 53 50 49 49 48 47 47 47 48 48 47 50 52 52 49 47 47 48 49 47 47 47 46 45 45 46 46 45 45 46 47 46 46 45 45
117 123 140 170 221 390 528 522 547 591 599 653 685 723 735 799 907 1010 954 842 714 627 549 476 419 302 273 249 171 108 77 76 137 199 211 286 195 111 63 60 59 59 58 59 57 56 57 56 55 54 54 53 51 51 51 50 51 51 51 51 54 53 53 49 48 47 47 48 47 48 50 47 52 50 49 48 47 46 47 50 48 47 47 46 46 46 46 45 45 46 48 46 48 46 46 46
116 120 129 147 241 399 494 494 523 559 592 627 683 711 706 782 886 976 905 810 684 620 544 465 421 317 285 197 183 165 134 74 87 114 109 185 155 75 62 61 60 58 58 59 60 58 57 57 56 56 55 55 54 51 50 50 52 55 53 52 52 52 55 48 48 46 48 47 47 48 49 48 52 50 47 50 48 46 46 49 49 48 49 49 47 47 47 45 46 47 50 48 49 46 46 46
114 120 133 175 323 441 476 490 509 539 580 609 670 697 694 757 877 951 900 802 674 576 518 458 377 273 250 226 128 103 104 76 71 75 78 89 96 65 62 60 60 60 60 61 59 57 56 55 54 55 53 53 52 52 51 52 52 52 52 51 52 50 52 48 48 47 47 48 49 49 47 47 53 52 48 47 47 46 48 49 47 48 50 49 48 46 48 46 45 44 45 48 48 48 45 46
110 119 165 264 375 447 474 483 494 509 548 578 642 666 634 727 837 900 877 793 680 576 503 455 382 269 248 265 135 78 73 72 72 72 73 69 69 64 63 62 66 68 60 57 58 57 55 55 54 53 53 53 52 51 50 52 54 53 53 52 51 52 52 49 48 47 48 51 49 47 46 48 54 51 47 46 46 47 46 50 50 49 50 50 49 49 48 46 46 45 45 48 48 47 46 48
103 122 184 269 260 392 443 454 460 470 472 518 591 591 550 649 738 841 846 768 674 581 517 468 383 265 205 209 160 83 72 71 71 71 73 71 69 62 62 64 98 71 59 58 58 55 55 54 54 54 53 51 51 51 49 51 51 53 50 51 52 53 52 50 50 48 48 51 48 48 47 51 49 47 46 46 46 46 46 49 49 49 52 49 50 49 47 46 45 45 46 48 49 47 48 48
102 117 169 240 209 321 377 397 415 425 446 483 524 524 555 607 660 782 813 743 643 570 516 478 384 263 202 164 103 79 74 72 71 72 75 77 82 64 62 85 129 68 58 57 57 56 55 54 53 52 53 53 50 51 52 51 52 53 52 52 53 53 52 50 51 51 48 49 48 48 47 52 48 47 45 46 46 47 46 46 48 50 49 50 49 47 46 46 46 46 47 46 47 47 50 49
100 129 184 208 158 196 246 295 359 386 412 449 465 483 504 538 631 716 722 677 591 534 478 441 387 285 221 228 114 76 74 72 71 74 104 119 107 69 84 113 83 62 56 57 56 55 54 54 54 53 52 52 51 52 52 53 54 54 52 50 51 53 51 51 51 50 48 49 48 47 49 52 47 47 47 47 46 47 46 46 49 50 50 48 47 49 48 48 48 47 48 45 49 50 51 48
104 116 116 151 113 115 140 180 241 306 347 382 421 422 448 543 639 679 650 600 558 508 438 373 324 224 182 196 116 80 98 84 76 87 185 145 118 121 123 105 82 60 56 56 55 55 54 53 53 52 51 51 51 52 53 53 53 52 51 50 50 54 53 49 49 48 50 49 48 48 49 53 47 48 47 46 47 47 48 48 50 50 48 48 47 51 50 50 51 50 48 47 50 50 48 46
90 90 92 99 97 101 105 124 141 211 285 354 385 408 497 573 595 640 591 534 495 461 384 312 268 177 126 135 97 105 143 124 123 109 170 107 69 88 113 139 106 58 55 54 54 54 53 53 52 52 52 52 52 52 53 53 51 51 50 50 50 50 50 50 49 48 50 48 48 48 52 51 48 48 48 49 47 47 48 50 51 49 48 47 50 54 50 51 47 48 47 50 51 47 45 45
85 86 90 90 90 92 97 100 110 150 262 339 374 442 536 565 567 607 563 490 423 388 332 239 180 139 103 90 142 194 229 200 146 97 85 85 63 60 61 79 83 56 54 54 54 53 52 52 53 52 51 52 54 53 52 51 49 51 49 49 48 48 48 48 48 49 50 48 47 48 52 52 49 49 50 50 48 48 49 51 49 49 47 48 50 52 50 48 48 49 48 48 47 46 47 47
83 84 85 86 89 90 91 96 105 132 245 323 388 459 519 510 502 545 545 471 387 323 245 184 147 126 107 145 225 216 192 163 108 75 81 77 62 60 60 58 59 55 54 53 52 52 52 52 52 52 53 53 54 52 50 51 53 52 53 49 49 48 48 49 49 48 49 48 48 48 51 50 48 50 49 50 49 50 51 49 48 48 47 48 51 50 47 48 46 47 50 48 46 46 46 48
82 83 84 86 90 88 91 93 98 127 240 338 350 362 421 443 476 521 547 475 388 317 243 234 276 208 242 291 228 140 108 148 161 158 149 92 74 71 72 63 57 56 53 53 52 52 51 52 52 54 53 52 54 52 52 50 50 49 51 47 49 48 48 51 49 49 51 49 48 52 54 50 49 48 50 49 51 51 51 48 48 47 47 49 51 49 47 48 47 46 48 47 46 47 46 46
82 83 88 84 86 89 89 94 121 178 242 271 257 258 318 345 440 472 498 462 392 315 269 357 390 344 311 276 163 108 85 110 237 161 106 90 107 104 86 66 57 55 54 53 52 51 52 52 53 53 52 52 52 53 51 50 49 50 51 49 48 49 49 49 49 49 51 49 49 51 51 52 49 49 50 50 49 50 50 48 47 48 49 50 49 49 48 48 47 51 48 46 46 46 47 46
81 83 84 83 86 86 88 91 116 149 170 183 156 184 185 242 355 416 387 383 368 342 351 307 351 367 248 157 113 109 84 83 187 177 96 70 65 63 60 58 57 56 53 53 52 51 51 52 53 53 53 52 52 51 51 50 49 52 53 49 49 48 49 49 49 49 49 49 50 50 48 51 52 52 50 49 49 51 52 49 48 48 52 48 48 47 47 49 47 50 48 48 49 46 48 46
81 82 90 83 83 84 87 88 93 96 106 97 99 124 165 237 358 388 313 262 360 280 243 220 302 405 288 173 168 92 78 76 133 143 109 96 90 64 62 59 56 56 54 53 52 52 52 53 53 52 51 51 52 51 51 53 54 52 51 50 48 49 49 49 48 50 49 49 50 49 49 51 51 49 48 50 49 50 51 49 48 49 50 48 49 48 48 48 50 48 48 48 48 46 47 48
80 81 127 100 100 90 102 109 86 85 86 89 92 124 207 284 367 354 265 191 257 180 137 186 336 426 345 218 228 154 84 73 75 83 80 82 105 77 72 63 57 54 54 52 53 52 52 54 53 52 52 51 51 51 51 51 51 52 51 49 48 50 49 48 49 51 48 48 54 51 51 51 50 50 50 49 51 51 50 49 49 50 49 48 49 48 48 47 48 49 48 47 46 46 47 47
80 79 86 111 104 110 132 146 85 83 85 85 87 97 110 187 268 259 229 158 190 158 117 164 279 291 335 318 238 159 96 79 76 66 75 70 67 68 80 68 56 54 53 53 53 52 54 54 52 53 51 52 52 50 53 54 51 50 50 49 50 49 49 48 50 51 49 49 53 54 51 49 49 50 49 50 52 52 50 49 49 50 48 48 48 48 48 47 47 47 49 48 47 46 47 46
78 78 80 84 90 105 107 126 84 82 83 83 86 87 94 116 159 151 168 186 148 122 107 140 227 215 309 321 259 168 101 93 82 68 65 63 61 61 82 68 55 54 53 54 54 53 54 54 53 53 53 53 53 55 54 53 49 51 51 51 50 49 48 49 50 48 50 50 52 52 52 50 49 50 50 51 51 51 49 50 49 49 47 48 48 48 47 48 48 48 48 48 48 47 48 47
76 77 79 82 90 100 93 94 82 81 81 81 84 83 88 90 121 115 110 155 123 100 100 157 156 160 241 237 226 202 134 207 122 75 81 62 61 61 68 80 59 55 53 54 55 57 54 53 51 52 55 55 52 52 51 50 51 51 52 51 50 49 48 50 49 49 50 54 54 54 51 50 52 49 49 49 50 52 51 50 52 49 48 48 47 47 47 47 48 49 49 49 48 47 48 48
75 76 76 80 82 91 86 85 80 79 78 80 80 82 91 83 94 98 90 92 90 90 96 147 120 140 220 163 148 106 93 204 151 103 108 62 61 61 60 59 57 56 54 55 56 55 55 53 50 52 56 51 51 51 50 50 49 50 50 49 48 49 49 50 50 50 50 50 51 49 52 50 50 49 49 49 49 53 50 49 49 50 49 49 48 48 49 48 49 49 49 49 49 47 49 48
75 75 75 77 78 83 87 82 78 78 77 78 79 80 81 81 100 99 83 85 87 86 89 116 95 141 190 120 102 79 91 157 92 72 70 60 58 58 57 57 56 57 55 54 55 55 54 52 52 53 53 53 53 51 51 51 51 52 50 48 49 51 50 50 51 52 51 50 50 49 51 51 50 49 48 51 50 53 51 50 49 51 49 49 48 49 48 48 51 51 49 48 49 49 49 49
76 75 74 75 76 82 111 87 77 76 76 77 77 78 78 79 103 158 87 78 81 81 82 84 87 155 209 127 87 73 83 93 64 64 60 59 58 57 61 57 55 54 55 55 56 54 54 52 51 51 53 54 51 52 51 53 52 50 49 50 52 50 50 51 51 51 50 49 51 50 52 51 50 50 51 52 52 52 52 50 49 49 50 48 50 49 49 50 51 50 49 49 48 48 49 48
74 74 74 73 74 79 88 100 77 75 74 75 74 76 76 76 101 186 136 81 77 77 78 77 81 149 253 184 93 66 66 63 62 59 58 58 58 56 56 55 54 54 54 58 56 55 53 54 52 53 53 53 52 52 52 51 51 51 51 53 49 53 54 53 51 51 50 50 51 51 53 51 50 51 51 51 52 50 52 51 51 50 52 51 49 49 49 49 50 49 48 49 49 48 48 49
72 72 73 71 73 75 79 94 81 73 73 73 73 75 76 77 110 144 146 94 75 75 76 75 77 123 196 148 122 107 92 63 61 60 57 56 56 54 55 53 53 53 53 59 59 52 52 53 54 52 51 52 54 52 52 51 52 52 52 53 50 53 52 49 50 51 51 51 50 52 51 50 49 50 51 53 51 49 51 52 52 51 54 54 53 50 50 49 50 49 50 49 50 49 49 50
72 72 70 70 70 71 73 76 79 72 79 72 72 73 74 76 83 86 114 79 71 74 78 73 71 92 99 105 192 220 146 74 59 59 56 56 56 56 54 54 54 54 55 55 54 53 53 53 52 52 52 51 52 53 54 52 51 50 52 53 53 52 50 50 50 50 49 51 52 52 49 51 51 50 52 54 51 50 51 52 52 55 53 55 52 49 50 50 51 49 49 49 51 48 48 50
70 71 70 69 72 76 76 74 72 78 72 70 70 72 72 73 74 77 111 98 70 70 69 69 69 74 74 90 174 155 108 64 59 57 56 55 54 54 54 55 57 56 55 53 55 55 54 53 53 53 52 52 53 53 55 52 52 51 51 51 52 51 50 51 52 50 50 51 51 51 50 49 50 51 53 53 53 51 54 54 53 53 51 51 51 52 53 51 50 50 50 49 51 52 51 50
69 70 69 69 84 87 79 78 74 75 76 70 72 71 69 70 72 73 82 74 69 68 66 66 67 67 70 76 90 80 81 69 58 56 55 54 55 55 56 55 56 56 55 54 55 54 53 52 54 52 52 51 51 55 54 54 55 53 51 51 52 51 52 52 52 52 53 52 50 50 50 50 51 51 53 52 54 53 54 53 52 53 51 49 50 51 52 50 49 50 50 50 50 50 50 51
68 69 68 68 76 98 87 80 76 72 79 71 70 69 68 69 69 69 69 69 66 67 66 66 64 66 68 71 65 64 63 77 73 55 55 56 55 55 57 57 56 54 53 54 55 55 53 54 54 52 52 50 50 51 51 52 53 54 53 52 52 52 52 51 51 52 52 50 49 52 50 50 50 51 51 51 53 54 53 52 51 51 51 50 51 51 52 50 50 50 50 50 52 51 51 51
67 68 67 67 68 82 94 88 77 73 71 72 68 69 68 68 68 66 65 66 67 65 66 65 63 65 72 64 60 59 58 58 58 58 57 55 55 55 54 54 54 53 53 53 53 56 53 55 55 53 50 50 51 50 50 51 51 52 53 51 52 52 53 50 50 51 49 50 49 49 49 51 49 51 53 51 52 53 51 51 51 50 50 50 51 51 51 50 51 50 49 50 51 51 53 55
67 66 68 67 67 73 84 95 83 76 71 69 68 68 69 67 65 65 64 64 65 65 66 63 63 64 68 60 59 59 59 57 57 57 56 55 56 56 55 54 54 53 55 54 55 54 53 54 55 51 51 51 52 50 50 51 52 52 52 53 51 52 52 52 50 50 49 51 49 50 50 52 51 51 51 52 52 53 52 51 49 51 50 50 50 50 52 52 51 50 49 50 52 52 52 53
66 67 67 66 66 69 80 105 114 99 73 67 67 66 66 70 68 66 63 63 64 64 63 63 62 65 92 71 60 59 58 57 57 57 56 55 57 59 56 53 55 55 54 55 55 54 52 53 53 52 52 52 51 51 52 53 53 52 52 53 52 51 53 54 52 50 49 49 50 51 50 51 52 51 50 50 52 53 54 53 50 52 51 50 50 51 51 51 52 50 49 50 52 53 53 52
66 67 66 66 65 65 69 94 90 110 77 67 65 65 67 85 98 68 64 63 63 62 61 61 61 61 62 79 62 59 57 56 58 56 56 57 56 56 55 55 57 55 55 55 54 52 53 55 55 52 52 51 52 55 52 54 52 51 52 52 53 51 53 51 51 50 49 49 51 50 52 50 49 49 49 52 54 56 53 52 52 52 51 51 51 52 51 50 50 51 49 50 51 51 53 50
66 65 67 66 65 64 65 82 73 77 78 65 65 66 68 76 98 70 64 62 62 62 60 60 60 59 59 60 61 58 58 57 57 56 58 59 56 57 54 55 57 57 56 55 54 52 54 55 53 52 57 52 53 54 53 54 52 50 50 52 52 52 53 51 51 51 51 51 53 50 51 49 50 50 51 51 55 54 52 53 52 52 50 50 51 51 51 51 50 52 51 51 53 54 52 49
66 66 65 64 64 64 64 64 68 68 72 77 64 65 65 69 73 69 63 61 60 60 61 60 60 59 60 60 58 66 73 59 59 57 59 57 56 56 55 57 56 55 55 54 53 53 55 52 54 52 53 53 53 53 54 52 52 51 52 53 51 52 53 53 52 51 50 50 52 50 50 50 52 51 51 52 54 54 54 53 52 51 52 51 51 51 50 50 50 52 52 53 53 54 52 52
65 65 65 64 64 64 63 63 64 82 87 72 65 63 62 63 69 62 61 60 60 61 60 59 59 61 59 57 57 62 66 58 56 57 60 56 55 56 56 55 53 53 55 54 54 53 54 52 55 53 53 54 54 53 52 52 51 52 51 53 52 53 55 53 51 52 50 50 52 51 51 52 51 52 52 52 54 56 53 53 52 51 52 52 53 51 50 49 51 54 54 54 54 53 54 51
66 65 65 65 66 63 63 62 63 78 108 81 66 62 63 62 62 62 60 60 60 60 60 60 60 87 70 62 57 57 57 57 58 58 57 58 56 56 56 55 52 54 55 54 54 53 55 53 53 53 52 52 53 53 53 52 50 51 50 51 50 52 54 53 51 51 51 51 52 52 52 51 51 53 52 51 53 54 55 53 53 52 52 53 52 53 52 51 50 52 53 54 54 52 53 51
65 65 64 63 64 63 63 63 63 63 74 98 83 64 61 61 61 61 62 60 60 58 58 58 59 74 98 63 57 58 57 58 59 59 57 60 54 55 57 54 55 55 56 56 56 55 54 54 55 52 53 53 53 53 53 52 51 51 51 51 51 52 53 53 52 51 52 53 52 51 53 53 54 54 52 54 55 55 53 57 54 52 53 51 53 56 57 56 55 55 54 52 51 50 52 51
64 64 64 64 63 63 65 64 63 61 62 68 92 64 61 60 60 61 61 58 58 57 58 58 58 57 59 57 56 57 60 59 56 56 58 57 54 57 55 56 56 55 55 54 53 52 53 52 54 53 53 53 52 54 52 52 51 51 51 51 52 52 54 54 54 54 53 52 52 51 54 52 53 53 53 53 55 55 56 56 52 52 52 51 53 56 52 52 56 54 53 53 53 53 51 50
